{
 "cells": [
  {
   "cell_type": "markdown",
   "metadata": {},
   "source": [
    "# Day 6 - Pandas"
   ]
  },
  {
   "cell_type": "code",
   "execution_count": 1,
   "metadata": {},
   "outputs": [],
   "source": [
    "import pandas as pd"
   ]
  },
  {
   "cell_type": "markdown",
   "metadata": {},
   "source": [
    "### 1. The google.csv file is loaded using pandas as shown below. Find the index for which the Close price has the lowest value and assign it to the idx_min variable. Then extract the row for this index from the google DataFrame as a DataFrame. In response, print this DataFrame to the console."
   ]
  },
  {
   "cell_type": "code",
   "execution_count": 3,
   "metadata": {},
   "outputs": [
    {
     "name": "stdout",
     "output_type": "stream",
     "text": [
      "   index        Date     Open     High     Low    Close   Volume\n",
      "4      4  26-06-2020  1432.63  1437.02  1355.0  1362.54  4882014\n"
     ]
    }
   ],
   "source": [
    "google = pd.read_csv('google.csv', index_col=0)\n",
    "google = google.reset_index()\n",
    "\n",
    "# Start your code here\n",
    "idx_min = google.Close.argmin()\n",
    "print(google.iloc[[idx_min]])"
   ]
  },
  {
   "cell_type": "markdown",
   "metadata": {},
   "source": [
    "---"
   ]
  },
  {
   "cell_type": "markdown",
   "metadata": {},
   "source": [
    "### 2. The google.csv file is loaded using pandas as shown below. Extract the following columns:\n",
    "\n",
    "- Date\n",
    "- Open\n",
    "- Close\n",
    "- Volume\n",
    "\n",
    "from the google DataFrame. In response, print result to the console."
   ]
  },
  {
   "cell_type": "code",
   "execution_count": 5,
   "metadata": {},
   "outputs": [
    {
     "data": {
      "text/html": [
       "<div>\n",
       "<style scoped>\n",
       "    .dataframe tbody tr th:only-of-type {\n",
       "        vertical-align: middle;\n",
       "    }\n",
       "\n",
       "    .dataframe tbody tr th {\n",
       "        vertical-align: top;\n",
       "    }\n",
       "\n",
       "    .dataframe thead th {\n",
       "        text-align: right;\n",
       "    }\n",
       "</style>\n",
       "<table border=\"1\" class=\"dataframe\">\n",
       "  <thead>\n",
       "    <tr style=\"text-align: right;\">\n",
       "      <th></th>\n",
       "      <th>Date</th>\n",
       "      <th>Open</th>\n",
       "      <th>Close</th>\n",
       "      <th>Volume</th>\n",
       "    </tr>\n",
       "  </thead>\n",
       "  <tbody>\n",
       "    <tr>\n",
       "      <th>0</th>\n",
       "      <td>02-07-2020</td>\n",
       "      <td>1451.84</td>\n",
       "      <td>1469.93</td>\n",
       "      <td>2860915</td>\n",
       "    </tr>\n",
       "    <tr>\n",
       "      <th>1</th>\n",
       "      <td>01-07-2020</td>\n",
       "      <td>1419.17</td>\n",
       "      <td>1442.00</td>\n",
       "      <td>2109124</td>\n",
       "    </tr>\n",
       "    <tr>\n",
       "      <th>2</th>\n",
       "      <td>30-06-2020</td>\n",
       "      <td>1396.88</td>\n",
       "      <td>1418.05</td>\n",
       "      <td>2014320</td>\n",
       "    </tr>\n",
       "    <tr>\n",
       "      <th>3</th>\n",
       "      <td>29-06-2020</td>\n",
       "      <td>1360.34</td>\n",
       "      <td>1397.17</td>\n",
       "      <td>2253678</td>\n",
       "    </tr>\n",
       "    <tr>\n",
       "      <th>4</th>\n",
       "      <td>26-06-2020</td>\n",
       "      <td>1432.63</td>\n",
       "      <td>1362.54</td>\n",
       "      <td>4882014</td>\n",
       "    </tr>\n",
       "    <tr>\n",
       "      <th>5</th>\n",
       "      <td>25-06-2020</td>\n",
       "      <td>1431.22</td>\n",
       "      <td>1441.10</td>\n",
       "      <td>1197907</td>\n",
       "    </tr>\n",
       "    <tr>\n",
       "      <th>6</th>\n",
       "      <td>24-06-2020</td>\n",
       "      <td>1463.28</td>\n",
       "      <td>1432.70</td>\n",
       "      <td>1579579</td>\n",
       "    </tr>\n",
       "    <tr>\n",
       "      <th>7</th>\n",
       "      <td>23-06-2020</td>\n",
       "      <td>1452.00</td>\n",
       "      <td>1463.98</td>\n",
       "      <td>1887583</td>\n",
       "    </tr>\n",
       "    <tr>\n",
       "      <th>8</th>\n",
       "      <td>22-06-2020</td>\n",
       "      <td>1425.01</td>\n",
       "      <td>1450.66</td>\n",
       "      <td>1472072</td>\n",
       "    </tr>\n",
       "    <tr>\n",
       "      <th>9</th>\n",
       "      <td>19-06-2020</td>\n",
       "      <td>1440.00</td>\n",
       "      <td>1424.64</td>\n",
       "      <td>2639167</td>\n",
       "    </tr>\n",
       "    <tr>\n",
       "      <th>10</th>\n",
       "      <td>18-06-2020</td>\n",
       "      <td>1449.85</td>\n",
       "      <td>1434.12</td>\n",
       "      <td>1743071</td>\n",
       "    </tr>\n",
       "    <tr>\n",
       "      <th>11</th>\n",
       "      <td>17-06-2020</td>\n",
       "      <td>1452.94</td>\n",
       "      <td>1452.54</td>\n",
       "      <td>1530500</td>\n",
       "    </tr>\n",
       "    <tr>\n",
       "      <th>12</th>\n",
       "      <td>16-06-2020</td>\n",
       "      <td>1449.00</td>\n",
       "      <td>1446.47</td>\n",
       "      <td>1534826</td>\n",
       "    </tr>\n",
       "    <tr>\n",
       "      <th>13</th>\n",
       "      <td>15-06-2020</td>\n",
       "      <td>1389.49</td>\n",
       "      <td>1420.74</td>\n",
       "      <td>1527652</td>\n",
       "    </tr>\n",
       "    <tr>\n",
       "      <th>14</th>\n",
       "      <td>12-06-2020</td>\n",
       "      <td>1425.86</td>\n",
       "      <td>1412.92</td>\n",
       "      <td>1833756</td>\n",
       "    </tr>\n",
       "    <tr>\n",
       "      <th>15</th>\n",
       "      <td>11-06-2020</td>\n",
       "      <td>1441.03</td>\n",
       "      <td>1401.90</td>\n",
       "      <td>2357243</td>\n",
       "    </tr>\n",
       "    <tr>\n",
       "      <th>16</th>\n",
       "      <td>10-06-2020</td>\n",
       "      <td>1461.51</td>\n",
       "      <td>1464.70</td>\n",
       "      <td>1588116</td>\n",
       "    </tr>\n",
       "    <tr>\n",
       "      <th>17</th>\n",
       "      <td>09-06-2020</td>\n",
       "      <td>1445.24</td>\n",
       "      <td>1452.08</td>\n",
       "      <td>1681155</td>\n",
       "    </tr>\n",
       "    <tr>\n",
       "      <th>18</th>\n",
       "      <td>08-06-2020</td>\n",
       "      <td>1426.28</td>\n",
       "      <td>1448.04</td>\n",
       "      <td>1693881</td>\n",
       "    </tr>\n",
       "    <tr>\n",
       "      <th>19</th>\n",
       "      <td>05-06-2020</td>\n",
       "      <td>1415.64</td>\n",
       "      <td>1440.02</td>\n",
       "      <td>2132350</td>\n",
       "    </tr>\n",
       "    <tr>\n",
       "      <th>20</th>\n",
       "      <td>04-06-2020</td>\n",
       "      <td>1436.78</td>\n",
       "      <td>1414.30</td>\n",
       "      <td>1349105</td>\n",
       "    </tr>\n",
       "    <tr>\n",
       "      <th>21</th>\n",
       "      <td>03-06-2020</td>\n",
       "      <td>1442.70</td>\n",
       "      <td>1439.25</td>\n",
       "      <td>1386640</td>\n",
       "    </tr>\n",
       "    <tr>\n",
       "      <th>22</th>\n",
       "      <td>02-06-2020</td>\n",
       "      <td>1435.00</td>\n",
       "      <td>1442.31</td>\n",
       "      <td>1172069</td>\n",
       "    </tr>\n",
       "    <tr>\n",
       "      <th>23</th>\n",
       "      <td>01-06-2020</td>\n",
       "      <td>1425.70</td>\n",
       "      <td>1434.87</td>\n",
       "      <td>1259254</td>\n",
       "    </tr>\n",
       "    <tr>\n",
       "      <th>24</th>\n",
       "      <td>29-05-2020</td>\n",
       "      <td>1420.43</td>\n",
       "      <td>1433.52</td>\n",
       "      <td>1852522</td>\n",
       "    </tr>\n",
       "    <tr>\n",
       "      <th>25</th>\n",
       "      <td>28-05-2020</td>\n",
       "      <td>1400.00</td>\n",
       "      <td>1418.24</td>\n",
       "      <td>1759787</td>\n",
       "    </tr>\n",
       "    <tr>\n",
       "      <th>26</th>\n",
       "      <td>27-05-2020</td>\n",
       "      <td>1420.00</td>\n",
       "      <td>1420.28</td>\n",
       "      <td>1584185</td>\n",
       "    </tr>\n",
       "    <tr>\n",
       "      <th>27</th>\n",
       "      <td>26-05-2020</td>\n",
       "      <td>1441.96</td>\n",
       "      <td>1421.37</td>\n",
       "      <td>2229488</td>\n",
       "    </tr>\n",
       "    <tr>\n",
       "      <th>28</th>\n",
       "      <td>22-05-2020</td>\n",
       "      <td>1403.90</td>\n",
       "      <td>1413.24</td>\n",
       "      <td>1427206</td>\n",
       "    </tr>\n",
       "    <tr>\n",
       "      <th>29</th>\n",
       "      <td>21-05-2020</td>\n",
       "      <td>1410.99</td>\n",
       "      <td>1406.75</td>\n",
       "      <td>1544976</td>\n",
       "    </tr>\n",
       "  </tbody>\n",
       "</table>\n",
       "</div>"
      ],
      "text/plain": [
       "          Date     Open    Close   Volume\n",
       "0   02-07-2020  1451.84  1469.93  2860915\n",
       "1   01-07-2020  1419.17  1442.00  2109124\n",
       "2   30-06-2020  1396.88  1418.05  2014320\n",
       "3   29-06-2020  1360.34  1397.17  2253678\n",
       "4   26-06-2020  1432.63  1362.54  4882014\n",
       "5   25-06-2020  1431.22  1441.10  1197907\n",
       "6   24-06-2020  1463.28  1432.70  1579579\n",
       "7   23-06-2020  1452.00  1463.98  1887583\n",
       "8   22-06-2020  1425.01  1450.66  1472072\n",
       "9   19-06-2020  1440.00  1424.64  2639167\n",
       "10  18-06-2020  1449.85  1434.12  1743071\n",
       "11  17-06-2020  1452.94  1452.54  1530500\n",
       "12  16-06-2020  1449.00  1446.47  1534826\n",
       "13  15-06-2020  1389.49  1420.74  1527652\n",
       "14  12-06-2020  1425.86  1412.92  1833756\n",
       "15  11-06-2020  1441.03  1401.90  2357243\n",
       "16  10-06-2020  1461.51  1464.70  1588116\n",
       "17  09-06-2020  1445.24  1452.08  1681155\n",
       "18  08-06-2020  1426.28  1448.04  1693881\n",
       "19  05-06-2020  1415.64  1440.02  2132350\n",
       "20  04-06-2020  1436.78  1414.30  1349105\n",
       "21  03-06-2020  1442.70  1439.25  1386640\n",
       "22  02-06-2020  1435.00  1442.31  1172069\n",
       "23  01-06-2020  1425.70  1434.87  1259254\n",
       "24  29-05-2020  1420.43  1433.52  1852522\n",
       "25  28-05-2020  1400.00  1418.24  1759787\n",
       "26  27-05-2020  1420.00  1420.28  1584185\n",
       "27  26-05-2020  1441.96  1421.37  2229488\n",
       "28  22-05-2020  1403.90  1413.24  1427206\n",
       "29  21-05-2020  1410.99  1406.75  1544976"
      ]
     },
     "execution_count": 5,
     "metadata": {},
     "output_type": "execute_result"
    }
   ],
   "source": [
    "google = pd.read_csv('google.csv', index_col=0)\n",
    "google = google.reset_index()\n",
    "\n",
    "# Start your code here\n",
    "df = google[['Date', 'Open', 'Close', 'Volume']]\n",
    "df"
   ]
  },
  {
   "cell_type": "markdown",
   "metadata": {},
   "source": [
    "---"
   ]
  },
  {
   "cell_type": "markdown",
   "metadata": {},
   "source": [
    "### 3. The google.csv file is loaded using pandas as shown below. Set the index for the Date column and print this DataFrame to the console."
   ]
  },
  {
   "cell_type": "code",
   "execution_count": 10,
   "metadata": {},
   "outputs": [
    {
     "name": "stdout",
     "output_type": "stream",
     "text": [
      "            Unnamed: 0     Open       High        Low    Close   Volume\n",
      "Date                                                                   \n",
      "02-07-2020           0  1451.84  1488.5200  1451.0650  1469.93  2860915\n",
      "01-07-2020           1  1419.17  1448.4800  1414.1800  1442.00  2109124\n",
      "30-06-2020           2  1396.88  1424.0000  1386.9301  1418.05  2014320\n",
      "29-06-2020           3  1360.34  1398.0000  1351.6500  1397.17  2253678\n",
      "26-06-2020           4  1432.63  1437.0200  1355.0000  1362.54  4882014\n",
      "25-06-2020           5  1431.22  1442.3200  1419.5401  1441.10  1197907\n",
      "24-06-2020           6  1463.28  1475.7900  1430.0000  1432.70  1579579\n",
      "23-06-2020           7  1452.00  1475.2000  1445.0000  1463.98  1887583\n",
      "22-06-2020           8  1425.01  1450.9500  1419.1900  1450.66  1472072\n",
      "19-06-2020           9  1440.00  1444.5000  1419.0000  1424.64  2639167\n",
      "18-06-2020          10  1449.85  1452.9699  1426.2350  1434.12  1743071\n",
      "17-06-2020          11  1452.94  1462.2000  1435.1250  1452.54  1530500\n",
      "16-06-2020          12  1449.00  1457.1700  1428.9900  1446.47  1534826\n",
      "15-06-2020          13  1389.49  1425.0000  1387.1952  1420.74  1527652\n",
      "12-06-2020          14  1425.86  1434.5050  1385.8000  1412.92  1833756\n",
      "11-06-2020          15  1441.03  1451.6033  1398.4100  1401.90  2357243\n",
      "10-06-2020          16  1461.51  1472.7700  1454.3550  1464.70  1588116\n",
      "09-06-2020          17  1445.24  1467.8000  1442.3600  1452.08  1681155\n",
      "08-06-2020          18  1426.28  1449.0000  1424.4800  1448.04  1693881\n",
      "05-06-2020          19  1415.64  1446.3000  1407.6213  1440.02  2132350\n",
      "04-06-2020          20  1436.78  1441.3200  1406.0100  1414.30  1349105\n",
      "03-06-2020          21  1442.70  1449.0100  1431.6200  1439.25  1386640\n",
      "02-06-2020          22  1435.00  1443.0000  1421.6100  1442.31  1172069\n",
      "01-06-2020          23  1425.70  1441.5800  1422.2800  1434.87  1259254\n",
      "29-05-2020          24  1420.43  1436.7300  1415.9800  1433.52  1852522\n",
      "28-05-2020          25  1400.00  1444.4600  1399.0760  1418.24  1759787\n",
      "27-05-2020          26  1420.00  1425.3450  1394.6000  1420.28  1584185\n",
      "26-05-2020          27  1441.96  1445.1100  1419.3950  1421.37  2229488\n",
      "22-05-2020          28  1403.90  1417.0000  1395.9500  1413.24  1427206\n",
      "21-05-2020          29  1410.99  1416.4600  1394.3900  1406.75  1544976\n"
     ]
    }
   ],
   "source": [
    "google = pd.read_csv('google.csv')\n",
    "\n",
    "# Start your code here\n",
    "google = google.set_index('Date')\n",
    "print(google)"
   ]
  },
  {
   "cell_type": "markdown",
   "metadata": {},
   "source": [
    "---"
   ]
  },
  {
   "cell_type": "markdown",
   "metadata": {},
   "source": [
    "### 4. The google.csv file is loaded using pandas as shown below. Remove the Year and Month columns from the google DataFrame. In response, print google DataFrame to the console."
   ]
  },
  {
   "cell_type": "code",
   "execution_count": 19,
   "metadata": {},
   "outputs": [
    {
     "name": "stderr",
     "output_type": "stream",
     "text": [
      "C:\\Users\\AVADHESH\\AppData\\Local\\Temp\\ipykernel_13352\\3878448329.py:2: UserWarning: Parsing dates in DD/MM/YYYY format when dayfirst=False (the default) was specified. This may lead to inconsistently parsed dates! Specify a format to ensure consistent parsing.\n",
      "  google['Date'] = pd.to_datetime(google['Date'])\n"
     ]
    },
    {
     "data": {
      "text/html": [
       "<div>\n",
       "<style scoped>\n",
       "    .dataframe tbody tr th:only-of-type {\n",
       "        vertical-align: middle;\n",
       "    }\n",
       "\n",
       "    .dataframe tbody tr th {\n",
       "        vertical-align: top;\n",
       "    }\n",
       "\n",
       "    .dataframe thead th {\n",
       "        text-align: right;\n",
       "    }\n",
       "</style>\n",
       "<table border=\"1\" class=\"dataframe\">\n",
       "  <thead>\n",
       "    <tr style=\"text-align: right;\">\n",
       "      <th></th>\n",
       "      <th>Date</th>\n",
       "      <th>Open</th>\n",
       "      <th>High</th>\n",
       "      <th>Low</th>\n",
       "      <th>Close</th>\n",
       "      <th>Volume</th>\n",
       "    </tr>\n",
       "  </thead>\n",
       "  <tbody>\n",
       "    <tr>\n",
       "      <th>0</th>\n",
       "      <td>2020-02-07</td>\n",
       "      <td>1451.84</td>\n",
       "      <td>1488.5200</td>\n",
       "      <td>1451.0650</td>\n",
       "      <td>1469.93</td>\n",
       "      <td>2860915</td>\n",
       "    </tr>\n",
       "    <tr>\n",
       "      <th>1</th>\n",
       "      <td>2020-01-07</td>\n",
       "      <td>1419.17</td>\n",
       "      <td>1448.4800</td>\n",
       "      <td>1414.1800</td>\n",
       "      <td>1442.00</td>\n",
       "      <td>2109124</td>\n",
       "    </tr>\n",
       "    <tr>\n",
       "      <th>2</th>\n",
       "      <td>2020-06-30</td>\n",
       "      <td>1396.88</td>\n",
       "      <td>1424.0000</td>\n",
       "      <td>1386.9301</td>\n",
       "      <td>1418.05</td>\n",
       "      <td>2014320</td>\n",
       "    </tr>\n",
       "    <tr>\n",
       "      <th>3</th>\n",
       "      <td>2020-06-29</td>\n",
       "      <td>1360.34</td>\n",
       "      <td>1398.0000</td>\n",
       "      <td>1351.6500</td>\n",
       "      <td>1397.17</td>\n",
       "      <td>2253678</td>\n",
       "    </tr>\n",
       "    <tr>\n",
       "      <th>4</th>\n",
       "      <td>2020-06-26</td>\n",
       "      <td>1432.63</td>\n",
       "      <td>1437.0200</td>\n",
       "      <td>1355.0000</td>\n",
       "      <td>1362.54</td>\n",
       "      <td>4882014</td>\n",
       "    </tr>\n",
       "    <tr>\n",
       "      <th>5</th>\n",
       "      <td>2020-06-25</td>\n",
       "      <td>1431.22</td>\n",
       "      <td>1442.3200</td>\n",
       "      <td>1419.5401</td>\n",
       "      <td>1441.10</td>\n",
       "      <td>1197907</td>\n",
       "    </tr>\n",
       "    <tr>\n",
       "      <th>6</th>\n",
       "      <td>2020-06-24</td>\n",
       "      <td>1463.28</td>\n",
       "      <td>1475.7900</td>\n",
       "      <td>1430.0000</td>\n",
       "      <td>1432.70</td>\n",
       "      <td>1579579</td>\n",
       "    </tr>\n",
       "    <tr>\n",
       "      <th>7</th>\n",
       "      <td>2020-06-23</td>\n",
       "      <td>1452.00</td>\n",
       "      <td>1475.2000</td>\n",
       "      <td>1445.0000</td>\n",
       "      <td>1463.98</td>\n",
       "      <td>1887583</td>\n",
       "    </tr>\n",
       "    <tr>\n",
       "      <th>8</th>\n",
       "      <td>2020-06-22</td>\n",
       "      <td>1425.01</td>\n",
       "      <td>1450.9500</td>\n",
       "      <td>1419.1900</td>\n",
       "      <td>1450.66</td>\n",
       "      <td>1472072</td>\n",
       "    </tr>\n",
       "    <tr>\n",
       "      <th>9</th>\n",
       "      <td>2020-06-19</td>\n",
       "      <td>1440.00</td>\n",
       "      <td>1444.5000</td>\n",
       "      <td>1419.0000</td>\n",
       "      <td>1424.64</td>\n",
       "      <td>2639167</td>\n",
       "    </tr>\n",
       "    <tr>\n",
       "      <th>10</th>\n",
       "      <td>2020-06-18</td>\n",
       "      <td>1449.85</td>\n",
       "      <td>1452.9699</td>\n",
       "      <td>1426.2350</td>\n",
       "      <td>1434.12</td>\n",
       "      <td>1743071</td>\n",
       "    </tr>\n",
       "    <tr>\n",
       "      <th>11</th>\n",
       "      <td>2020-06-17</td>\n",
       "      <td>1452.94</td>\n",
       "      <td>1462.2000</td>\n",
       "      <td>1435.1250</td>\n",
       "      <td>1452.54</td>\n",
       "      <td>1530500</td>\n",
       "    </tr>\n",
       "    <tr>\n",
       "      <th>12</th>\n",
       "      <td>2020-06-16</td>\n",
       "      <td>1449.00</td>\n",
       "      <td>1457.1700</td>\n",
       "      <td>1428.9900</td>\n",
       "      <td>1446.47</td>\n",
       "      <td>1534826</td>\n",
       "    </tr>\n",
       "    <tr>\n",
       "      <th>13</th>\n",
       "      <td>2020-06-15</td>\n",
       "      <td>1389.49</td>\n",
       "      <td>1425.0000</td>\n",
       "      <td>1387.1952</td>\n",
       "      <td>1420.74</td>\n",
       "      <td>1527652</td>\n",
       "    </tr>\n",
       "    <tr>\n",
       "      <th>14</th>\n",
       "      <td>2020-12-06</td>\n",
       "      <td>1425.86</td>\n",
       "      <td>1434.5050</td>\n",
       "      <td>1385.8000</td>\n",
       "      <td>1412.92</td>\n",
       "      <td>1833756</td>\n",
       "    </tr>\n",
       "    <tr>\n",
       "      <th>15</th>\n",
       "      <td>2020-11-06</td>\n",
       "      <td>1441.03</td>\n",
       "      <td>1451.6033</td>\n",
       "      <td>1398.4100</td>\n",
       "      <td>1401.90</td>\n",
       "      <td>2357243</td>\n",
       "    </tr>\n",
       "    <tr>\n",
       "      <th>16</th>\n",
       "      <td>2020-10-06</td>\n",
       "      <td>1461.51</td>\n",
       "      <td>1472.7700</td>\n",
       "      <td>1454.3550</td>\n",
       "      <td>1464.70</td>\n",
       "      <td>1588116</td>\n",
       "    </tr>\n",
       "    <tr>\n",
       "      <th>17</th>\n",
       "      <td>2020-09-06</td>\n",
       "      <td>1445.24</td>\n",
       "      <td>1467.8000</td>\n",
       "      <td>1442.3600</td>\n",
       "      <td>1452.08</td>\n",
       "      <td>1681155</td>\n",
       "    </tr>\n",
       "    <tr>\n",
       "      <th>18</th>\n",
       "      <td>2020-08-06</td>\n",
       "      <td>1426.28</td>\n",
       "      <td>1449.0000</td>\n",
       "      <td>1424.4800</td>\n",
       "      <td>1448.04</td>\n",
       "      <td>1693881</td>\n",
       "    </tr>\n",
       "    <tr>\n",
       "      <th>19</th>\n",
       "      <td>2020-05-06</td>\n",
       "      <td>1415.64</td>\n",
       "      <td>1446.3000</td>\n",
       "      <td>1407.6213</td>\n",
       "      <td>1440.02</td>\n",
       "      <td>2132350</td>\n",
       "    </tr>\n",
       "    <tr>\n",
       "      <th>20</th>\n",
       "      <td>2020-04-06</td>\n",
       "      <td>1436.78</td>\n",
       "      <td>1441.3200</td>\n",
       "      <td>1406.0100</td>\n",
       "      <td>1414.30</td>\n",
       "      <td>1349105</td>\n",
       "    </tr>\n",
       "    <tr>\n",
       "      <th>21</th>\n",
       "      <td>2020-03-06</td>\n",
       "      <td>1442.70</td>\n",
       "      <td>1449.0100</td>\n",
       "      <td>1431.6200</td>\n",
       "      <td>1439.25</td>\n",
       "      <td>1386640</td>\n",
       "    </tr>\n",
       "    <tr>\n",
       "      <th>22</th>\n",
       "      <td>2020-02-06</td>\n",
       "      <td>1435.00</td>\n",
       "      <td>1443.0000</td>\n",
       "      <td>1421.6100</td>\n",
       "      <td>1442.31</td>\n",
       "      <td>1172069</td>\n",
       "    </tr>\n",
       "    <tr>\n",
       "      <th>23</th>\n",
       "      <td>2020-01-06</td>\n",
       "      <td>1425.70</td>\n",
       "      <td>1441.5800</td>\n",
       "      <td>1422.2800</td>\n",
       "      <td>1434.87</td>\n",
       "      <td>1259254</td>\n",
       "    </tr>\n",
       "    <tr>\n",
       "      <th>24</th>\n",
       "      <td>2020-05-29</td>\n",
       "      <td>1420.43</td>\n",
       "      <td>1436.7300</td>\n",
       "      <td>1415.9800</td>\n",
       "      <td>1433.52</td>\n",
       "      <td>1852522</td>\n",
       "    </tr>\n",
       "    <tr>\n",
       "      <th>25</th>\n",
       "      <td>2020-05-28</td>\n",
       "      <td>1400.00</td>\n",
       "      <td>1444.4600</td>\n",
       "      <td>1399.0760</td>\n",
       "      <td>1418.24</td>\n",
       "      <td>1759787</td>\n",
       "    </tr>\n",
       "    <tr>\n",
       "      <th>26</th>\n",
       "      <td>2020-05-27</td>\n",
       "      <td>1420.00</td>\n",
       "      <td>1425.3450</td>\n",
       "      <td>1394.6000</td>\n",
       "      <td>1420.28</td>\n",
       "      <td>1584185</td>\n",
       "    </tr>\n",
       "    <tr>\n",
       "      <th>27</th>\n",
       "      <td>2020-05-26</td>\n",
       "      <td>1441.96</td>\n",
       "      <td>1445.1100</td>\n",
       "      <td>1419.3950</td>\n",
       "      <td>1421.37</td>\n",
       "      <td>2229488</td>\n",
       "    </tr>\n",
       "    <tr>\n",
       "      <th>28</th>\n",
       "      <td>2020-05-22</td>\n",
       "      <td>1403.90</td>\n",
       "      <td>1417.0000</td>\n",
       "      <td>1395.9500</td>\n",
       "      <td>1413.24</td>\n",
       "      <td>1427206</td>\n",
       "    </tr>\n",
       "    <tr>\n",
       "      <th>29</th>\n",
       "      <td>2020-05-21</td>\n",
       "      <td>1410.99</td>\n",
       "      <td>1416.4600</td>\n",
       "      <td>1394.3900</td>\n",
       "      <td>1406.75</td>\n",
       "      <td>1544976</td>\n",
       "    </tr>\n",
       "  </tbody>\n",
       "</table>\n",
       "</div>"
      ],
      "text/plain": [
       "         Date     Open       High        Low    Close   Volume\n",
       "0  2020-02-07  1451.84  1488.5200  1451.0650  1469.93  2860915\n",
       "1  2020-01-07  1419.17  1448.4800  1414.1800  1442.00  2109124\n",
       "2  2020-06-30  1396.88  1424.0000  1386.9301  1418.05  2014320\n",
       "3  2020-06-29  1360.34  1398.0000  1351.6500  1397.17  2253678\n",
       "4  2020-06-26  1432.63  1437.0200  1355.0000  1362.54  4882014\n",
       "5  2020-06-25  1431.22  1442.3200  1419.5401  1441.10  1197907\n",
       "6  2020-06-24  1463.28  1475.7900  1430.0000  1432.70  1579579\n",
       "7  2020-06-23  1452.00  1475.2000  1445.0000  1463.98  1887583\n",
       "8  2020-06-22  1425.01  1450.9500  1419.1900  1450.66  1472072\n",
       "9  2020-06-19  1440.00  1444.5000  1419.0000  1424.64  2639167\n",
       "10 2020-06-18  1449.85  1452.9699  1426.2350  1434.12  1743071\n",
       "11 2020-06-17  1452.94  1462.2000  1435.1250  1452.54  1530500\n",
       "12 2020-06-16  1449.00  1457.1700  1428.9900  1446.47  1534826\n",
       "13 2020-06-15  1389.49  1425.0000  1387.1952  1420.74  1527652\n",
       "14 2020-12-06  1425.86  1434.5050  1385.8000  1412.92  1833756\n",
       "15 2020-11-06  1441.03  1451.6033  1398.4100  1401.90  2357243\n",
       "16 2020-10-06  1461.51  1472.7700  1454.3550  1464.70  1588116\n",
       "17 2020-09-06  1445.24  1467.8000  1442.3600  1452.08  1681155\n",
       "18 2020-08-06  1426.28  1449.0000  1424.4800  1448.04  1693881\n",
       "19 2020-05-06  1415.64  1446.3000  1407.6213  1440.02  2132350\n",
       "20 2020-04-06  1436.78  1441.3200  1406.0100  1414.30  1349105\n",
       "21 2020-03-06  1442.70  1449.0100  1431.6200  1439.25  1386640\n",
       "22 2020-02-06  1435.00  1443.0000  1421.6100  1442.31  1172069\n",
       "23 2020-01-06  1425.70  1441.5800  1422.2800  1434.87  1259254\n",
       "24 2020-05-29  1420.43  1436.7300  1415.9800  1433.52  1852522\n",
       "25 2020-05-28  1400.00  1444.4600  1399.0760  1418.24  1759787\n",
       "26 2020-05-27  1420.00  1425.3450  1394.6000  1420.28  1584185\n",
       "27 2020-05-26  1441.96  1445.1100  1419.3950  1421.37  2229488\n",
       "28 2020-05-22  1403.90  1417.0000  1395.9500  1413.24  1427206\n",
       "29 2020-05-21  1410.99  1416.4600  1394.3900  1406.75  1544976"
      ]
     },
     "execution_count": 19,
     "metadata": {},
     "output_type": "execute_result"
    }
   ],
   "source": [
    "google = pd.read_csv('google.csv', index_col=0)\n",
    "google['Date'] = pd.to_datetime(google['Date'])\n",
    "google['Year'] = google['Date'].dt.year\n",
    "google['Month'] = google['Date'].dt.month\n",
    "\n",
    "# Start your code here\n",
    "google = google.drop(columns=['Year', 'Month'])\n",
    "google"
   ]
  },
  {
   "cell_type": "markdown",
   "metadata": {},
   "source": [
    "---"
   ]
  },
  {
   "cell_type": "markdown",
   "metadata": {},
   "source": [
    "### 5. The google.csv file is loaded using pandas as shown below. Change the following column names:\n",
    "\n",
    "Open -> O\n",
    "\n",
    "High -> H\n",
    "\n",
    "Low -> L\n",
    "\n",
    "Close -> C\n",
    "\n",
    "Volume -> V\n",
    "\n",
    "In response, print google DataFrame to the console."
   ]
  },
  {
   "cell_type": "code",
   "execution_count": 24,
   "metadata": {},
   "outputs": [
    {
     "name": "stdout",
     "output_type": "stream",
     "text": [
      "          Date        O          H          L        C        V\n",
      "0   02-07-2020  1451.84  1488.5200  1451.0650  1469.93  2860915\n",
      "1   01-07-2020  1419.17  1448.4800  1414.1800  1442.00  2109124\n",
      "2   30-06-2020  1396.88  1424.0000  1386.9301  1418.05  2014320\n",
      "3   29-06-2020  1360.34  1398.0000  1351.6500  1397.17  2253678\n",
      "4   26-06-2020  1432.63  1437.0200  1355.0000  1362.54  4882014\n",
      "5   25-06-2020  1431.22  1442.3200  1419.5401  1441.10  1197907\n",
      "6   24-06-2020  1463.28  1475.7900  1430.0000  1432.70  1579579\n",
      "7   23-06-2020  1452.00  1475.2000  1445.0000  1463.98  1887583\n",
      "8   22-06-2020  1425.01  1450.9500  1419.1900  1450.66  1472072\n",
      "9   19-06-2020  1440.00  1444.5000  1419.0000  1424.64  2639167\n",
      "10  18-06-2020  1449.85  1452.9699  1426.2350  1434.12  1743071\n",
      "11  17-06-2020  1452.94  1462.2000  1435.1250  1452.54  1530500\n",
      "12  16-06-2020  1449.00  1457.1700  1428.9900  1446.47  1534826\n",
      "13  15-06-2020  1389.49  1425.0000  1387.1952  1420.74  1527652\n",
      "14  12-06-2020  1425.86  1434.5050  1385.8000  1412.92  1833756\n",
      "15  11-06-2020  1441.03  1451.6033  1398.4100  1401.90  2357243\n",
      "16  10-06-2020  1461.51  1472.7700  1454.3550  1464.70  1588116\n",
      "17  09-06-2020  1445.24  1467.8000  1442.3600  1452.08  1681155\n",
      "18  08-06-2020  1426.28  1449.0000  1424.4800  1448.04  1693881\n",
      "19  05-06-2020  1415.64  1446.3000  1407.6213  1440.02  2132350\n",
      "20  04-06-2020  1436.78  1441.3200  1406.0100  1414.30  1349105\n",
      "21  03-06-2020  1442.70  1449.0100  1431.6200  1439.25  1386640\n",
      "22  02-06-2020  1435.00  1443.0000  1421.6100  1442.31  1172069\n",
      "23  01-06-2020  1425.70  1441.5800  1422.2800  1434.87  1259254\n",
      "24  29-05-2020  1420.43  1436.7300  1415.9800  1433.52  1852522\n",
      "25  28-05-2020  1400.00  1444.4600  1399.0760  1418.24  1759787\n",
      "26  27-05-2020  1420.00  1425.3450  1394.6000  1420.28  1584185\n",
      "27  26-05-2020  1441.96  1445.1100  1419.3950  1421.37  2229488\n",
      "28  22-05-2020  1403.90  1417.0000  1395.9500  1413.24  1427206\n",
      "29  21-05-2020  1410.99  1416.4600  1394.3900  1406.75  1544976\n"
     ]
    }
   ],
   "source": [
    "google = pd.read_csv('google.csv', index_col=0)\n",
    "\n",
    "# Start your code here\n",
    "google.columns = ['Date', 'O', 'H', 'L', 'C', 'V']\n",
    "print(google)"
   ]
  },
  {
   "cell_type": "markdown",
   "metadata": {},
   "source": [
    "## Congratulate, Day 6 Finished!"
   ]
  }
 ],
 "metadata": {
  "kernelspec": {
   "display_name": "Python 3",
   "language": "python",
   "name": "python3"
  },
  "language_info": {
   "codemirror_mode": {
    "name": "ipython",
    "version": 3
   },
   "file_extension": ".py",
   "mimetype": "text/x-python",
   "name": "python",
   "nbconvert_exporter": "python",
   "pygments_lexer": "ipython3",
   "version": "3.9.5"
  }
 },
 "nbformat": 4,
 "nbformat_minor": 2
}
